
0   306   1438916680842
0   1262   1438916680843
0   317   1438916680859
0   1309   1438916680860
0   329   1438916680883
0   1355   1438916680883
0   339   1438916680895
0   1399   1438916680896
0   349   1438916680909
0   1433   1438916680910
0   362   1438916680943
0   1490   1438916680944
0   379   1438916680976
0   1557   1438916680976
0   390   1438916681008
0   1601   1438916681009
0   402   1438916681049
0   1654   1438916681050
0   412   1438916681082
0   1688   1438916681082
0   424   1438916681133
0   1742   1438916681133
0   434   1438916681167
0   1783   1438916681168
0   444   1438916681217
0   1819   1438916681218
0   457   1438916681961
0   1877   1438916681962
0   470   1438916681995
0   1932   1438916681996
0   486   1438916682029
0   1997   1438916682030
0   497   1438916682063
0   2039   1438916682075
0   507   1438916682129
0   2079   1438916682130
0   518   1438916682171
0   2128   1438916682172
0   528   1438916682203
0   2168   1438916682204
0   542   1438916682252
0   2222   1438916682253
0   553   1438916682302
0   2269   1438916682303
0   540   1438916682937
0   2200   1438916682938
0   528   1438916682955
0   2144   1438916682956
0   513   1438916682979
0   2083   1438916682979
0   494   1438916682989
0   2003   1438916682990
0   473   1438916683005
0   1914   1438916683006
0   456   1438916683022
0   1854   1438916683023
0   443   1438916683055
0   1805   1438916683055
0   432   1438916683103
0   1765   1438916683104
0   422   1438916683152
0   1724   1438916683153
0   407   1438916683192
0   1660   1438916683192
0   392   1438916683226
0   1597   1438916683226
0   380   1438916683257
0   1553   1438916683258
0   363   1438916683641
0   1468   1438916683642
0   331   1438916683657
0   1315   1438916683658
0   296   1438916683674
0   1180   1438916683675
0   269   1438916683690
0   1076   1438916683691
0   248   1438916683708
0   999   1438916683709
0   238   1438916683724
0   965   1438916683725
0   226   1438916683757
0   921   1438916683757
0   214   1438916683804
0   871   1438916683804
1   989   1438916685834
1   4031   1438916685835
1   969   1438916685851
1   3945   1438916685852
1   951   1438916685867
1   3876   1438916685868
1   935   1438916685884
1   3815   1438916685885
1   920   1438916685901
1   3750   1438916685902
1   906   1438916685918
1   3697   1438916685919
1   891   1438916685935
1   3628   1438916685935
1   876   1438916685981
1   3581   1438916685982
1   863   1438916685996
1   3527   1438916685997
1   849   1438916686028
1   3468   1438916686031
1   835   1438916686062
1   3412   1438916686062
1   823   1438916686093
1   3362   1438916686093
1   806   1438916686126
1   3292   1438916686126
1   796   1438916686142
1   3242   1438916686142
1   783   1438916686158
1   3196   1438916686158
1   769   1438916686175
1   3131   1438916686175
1   754   1438916686191
1   3077   1438916686191
1   744   1438916686208
1   3035   1438916686208
1   725   1438916686232
1   2962   1438916686232
1   711   1438916686265
1   2907   1438916686265
1   697   1438916686676
1   2845   1438916686676
1   677   1438916686706
1   2758   1438916686707
1   659   1438916686720
1   2674   1438916686721
1   634   1438916686743
1   2566   1438916686746
1   608   1438916686757
1   2462   1438916686758
1   585   1438916686772
1   2376   1438916686773
1   566   1438916686781
1   2296   1438916686782
1   543   1438916686797
1   2199   1438916686798
1   521   1438916686814
1   2109   1438916686815
1   501   1438916686831
1   2032   1438916686831
1   481   1438916686848
1   1950   1438916686848
1   461   1438916686864
1   1864   1438916686865
1   439   1438916686873
1   1772   1438916686873
1   418   1438916686889
1   1690   1438916686889
1   403   1438916686905
1   1635   1438916686906
1   390   1438916686937
1   1594   1438916686938
1   400   1438916687473
1   1645   1438916687473
1   410   1438916687481
1   1692   1438916687482
1   423   1438916687499
1   1744   1438916687499
1   436   1438916687517
1   1801   1438916687519
1   451   1438916687530
1   1863   1438916687531
1   467   1438916687547
1   1930   1438916687548
1   483   1438916687564
1   1994   1438916687564
1   499   1438916687580
1   2058   1438916687581
1   514   1438916687596
1   2120   1438916687597
1   527   1438916687612
1   2168   1438916687613
1   539   1438916687629
1   2218   1438916687629
1   551   1438916687645
1   2272   1438916687646
1   565   1438916687662
1   2325   1438916687662
1   577   1438916687677
1   2372   1438916687678
1   588   1438916687694
1   2417   1438916687694
1   599   1438916687710
1   2461   1438916687710
1   609   1438916687727
1   2505   1438916687728
1   619   1438916687742
1   2544   1438916687743
1   629   1438916687759
1   2584   1438916687759
1   645   1438916687791
1   2650   1438916687791
1   655   1438916687840
1   2683   1438916687841
1   642   1438916688176
1   2615   1438916688176
1   624   1438916688193
1   2530   1438916688193
1   599   1438916688201
1   2426   1438916688201
1   574   1438916688217
1   2327   1438916688218
1   552   1438916688235
1   2238   1438916688235
1   533   1438916688255
1   2168   1438916688255
1   520   1438916688267
1   2111   1438916688268
1   506   1438916688283
1   2057   1438916688284
1   492   1438916688300
1   2001   1438916688300
1   481   1438916688315
1   1957   1438916688315
1   467   1438916688347
1   1908   1438916688347
1   491   1438916688634
1   2027   1438916688635
1   509   1438916688652
1   2100   1438916688652
1   528   1438916688668
1   2181   1438916688669
1   550   1438916688685
1   2278   1438916688685
1   576   1438916688702
1   2386   1438916688703
1   604   1438916688718
1   2502   1438916688719
1   632   1438916688735
1   2618   1438916688736
1   660   1438916688751
1   2729   1438916688752
1   687   1438916688768
1   2843   1438916688769
1   718   1438916688784
1   2969   1438916688785
1   747   1438916688801
1   3086   1438916688801
1   775   1438916688809
1   3202   1438916688809
1   798   1438916688825
1   3290   1438916688826
1   815   1438916688841
1   3349   1438916688842
1   827   1438916688858
1   3400   1438916688858
1   838   1438916688877
1   3443   1438916688878
1   851   1438916688907
1   3489   1438916688907
1   830   1438916689294
1   3464   1438916689295
1   854   1438916689311
1   3497   1438916689312
1   838   1438916718769
1   3415   1438916718770
1   821   1438916718785
1   3340   1438916718786
1   3229   1438916718794
1   797   1438916718797
0   196   1438916718797
0   795   1438916718798
1   762   1438916718813
1   3081   1438916718814
1   2952   1438916718828
1   729   1438916718828
0   178   1438916718829
0   715   1438916718829
1   2836   1438916718846
1   700   1438916718848
0   166   1438916718849
0   669   1438916718850
1   2726   1438916718863
1   672   1438916718865
0   156   1438916718866
0   626   1438916718867
1   2624   1438916718902
1   647   1438916718904
0   144   1438916718905
0   577   1438916718906
1   2514   1438916718906
1   621   1438916718907
0   132   1438916718908
0   523   1438916718909
1   2410   1438916718912
1   595   1438916718913
0   117   1438916718914
0   464   1438916718914
1   2329   1438916718923
1   574   1438916718924
0   104   1438916718924
0   414   1438916718925
1   557   1438916718941
1   2264   1438916718940
0   91   1438916718941
0   358   1438916718942
1   2199   1438916718956
1   541   1438916718956
0   77   1438916718957
0   302   1438916718957
1   2140   1438916718981
1   526   1438916718981
0   66   1438916718981
0   262   1438916718982
1   513   1438916718988
1   2085   1438916718989
1   2030   1438916719005
1   500   1438916719009
0   53   1438916719009
0   209   1438916719011
1   485   1438916719021
1   1969   1438916719022
1   1894   1438916719038
1   468   1438916719039
0   42   1438916719039
0   164   1438916719039
1   447   1438916719053
1   1804   1438916719054
1   1726   1438916719069
1   426   1438916719070
0   32   1438916719070
0   124   1438916719070
1   410   1438916719086
1   1663   1438916719086
1   1617   1438916719102
1   398   1438916719102
0   21   1438916719102
0   79   1438916719102
1   388   1438916719118
1   1581   1438916719118
0   11   1438916719151
0   40   1438916719151
1   378   1438916719369
1   1547   1438916719369
1   352   1438916719402
1   1411   1438916719402
1   1291   1438916719418
1   323   1438916719419
0   0   1438916719419
0   0   1438916719420
1   293   1438916719434
1   1170   1438916719435
1   262   1438916719452
1   1042   1438916719452
1   230   1438916719468
1   908   1438916719469
1   198   1438916719484
1   778   1438916719484
1   159   1438916719499
1   600   1438916719500
1   112   1438916719516
1   414   1438916719516
1   77   1438916719532
1   287   1438916719532
1   53   1438916719548
1   195   1438916719549
1   35   1438916719564
1   126   1438916719564
1   21   1438916719581
1   75   1438916719581
1   10   1438916719613
1   37   1438916719613
1   20   1438916720428
1   83   1438916720428
1   31   1438916720511
1   133   1438916720511
1   45   1438916720561
1   187   1438916720562
1   231   1438916720586
1   55   1438916720587
0   12   1438916720587
0   58   1438916720588
1   305   1438916720619
1   71   1438916720620
0   29   1438916720620
0   127   1438916720621
1   85   1438916720636
1   359   1438916720637
0   45   1438916720652
0   194   1438916720653
1   427   1438916720668
1   103   1438916720669
0   55   1438916720670
0   236   1438916720670
1   461   1438916720685
1   113   1438916720685
0   66   1438916720686
0   279   1438916720686
1   542   1438916720701
1   127   1438916720702
0   77   1438916720702
0   325   1438916720702
0   88   1438916720717
0   372   1438916720718
1   592   1438916720734
1   143   1438916720734
0   100   1438916720735
0   423   1438916720735
1   665   1438916720750
1   159   1438916720750
0   115   1438916720751
0   482   1438916720751
0   130   1438916720767
0   547   1438916720767
0   145   1438916720783
0   611   1438916720783
0   161   1438916720800
0   676   1438916720800
0   179   1438916720815
0   750   1438916720815
1   883   1438916720832
1   212   1438916720832
0   197   1438916720832
0   823   1438916720832
1   921   1438916720848
1   222   1438916720848
0   216   1438916720848
0   904   1438916720848
1   963   1438916720864
1   233   1438916720864
0   241   1438916720864
0   1010   1438916720864
1   1016   1438916720872
1   245   1438916720872
0   267   1438916720872
0   1122   1438916720872
1   1059   1438916720889
1   256   1438916720890
0   294   1438916720890
0   1233   1438916720890
0   318   1438916720905
0   1323   1438916720905
1   1133   1438916720923
1   275   1438916720924
0   337   1438916720924
0   1396   1438916720924
1   1192   1438916720957
1   290   1438916720957
0   349   1438916720957
0   1428   1438916720957
1   301   1438916721004
1   1235   1438916721004
1   289   1438916721149
1   1138   1438916721149
1   308   1438916721181
1   1263   1438916721181
1   321   1438916721546
1   1319   1438916721546
1   340   1438916721579
1   1402   1438916721579
1   351   1438916721595
1   1450   1438916721595
1   362   1438916721611
1   1496   1438916721612
1   1541   1438916721628
1   373   1438916721628
0   367   1438916721628
0   1519   1438916721628
1   1593   1438916721644
1   386   1438916721644
0   387   1438916721644
0   1606   1438916721644
1   1644   1438916721660
1   398   1438916721660
0   408   1438916721660
0   1690   1438916721660
1   1699   1438916721676
1   412   1438916721676
0   430   1438916721677
0   1784   1438916721677
1   1757   1438916721692
1   425   1438916721693
0   453   1438916721693
0   1875   1438916721693
1   1824   1438916721710
1   441   1438916721710
0   476   1438916721710
0   1973   1438916721710
1   1894   1438916721725
1   458   1438916721725
0   500   1438916721725
0   2068   1438916721726
1   1962   1438916721741
1   475   1438916721741
0   520   1438916721742
0   2145   1438916721742
1   2037   1438916721758
1   493   1438916721758
0   534   1438916721758
0   2199   1438916721759
1   2109   1438916721774
1   511   1438916721774
0   546   1438916721774
0   2249   1438916721774
1   526   1438916721790
1   2169   1438916721790
1   2225   1438916721806
1   540   1438916721806
0   563   1438916721806
0   2311   1438916721806
1   552   1438916721822
1   2274   1438916721823
1   565   1438916721838
1   2325   1438916721839
1   577   1438916721855
1   2369   1438916721855
1   2414   1438916721871
1   587   1438916721871
0   575   1438916721871
0   2354   1438916721871
1   598   1438916721887
1   2455   1438916721888
1   608   1438916721904
1   2502   1438916721904
1   2541   1438916721920
1   619   1438916721920
0   588   1438916721920
0   2413   1438916721920
1   632   1438916721945
1   2593   1438916721945
1   604   1438916722108
1   2437   1438916722108
1   565   1438916722125
1   2269   1438916722125
1   519   1438916722142
1   2080   1438916722142
1   477   1438916722158
1   1912   1438916722159
1   439   1438916722175
1   1756   1438916722175
1   400   1438916722191
1   1599   1438916722191
1   364   1438916722207
1   1454   1438916722208
1   1349   1438916722224
1   336   1438916722224
0   576   1438916722224
0   2345   1438916722224
1   1250   1438916722240
1   311   1438916722240
0   561   1438916722241
0   2279   1438916722241
1   1153   1438916722248
1   288   1438916722249
0   540   1438916722249
0   2188   1438916722249
1   1073   1438916722265
1   267   1438916722265
0   513   1438916722265
0   2071   1438916722266
1   1021   1438916722281
1   252   1438916722282
0   490   1438916722282
0   1983   1438916722282
0   472   1438916722298
0   1916   1438916722298
1   974   1438916722314
1   239   1438916722315
0   461   1438916722315
0   1878   1438916722316
1   221   1438916722559
1   884   1438916722559
1   196   1438916722576
1   773   1438916722576
1   662   1438916722585
1   169   1438916722586
0   432   1438916722586
0   1735   1438916722587
1   517   1438916722602
1   136   1438916722603
0   394   1438916722603
0   1578   1438916722604
1   342   1438916722619
1   95   1438916722620
0   357   1438916722620
0   1419   1438916722621
1   193   1438916722635
1   56   1438916722636
0   321   1438916722637
0   1282   1438916722637
1   85   1438916722652
1   27   1438916722652
0   291   1438916722652
0   1164   1438916722652
1   14   1438916722708
1   7   1438916722716
0   268   1438916722718
0   1078   1438916722719
0   252   1438916722720
0   1014   1438916722721
0   239   1438916722722
0   966   1438916722723
0   223   1438916722736
0   907   1438916722737
0   212   1438916723019
0   861   1438916723019
0   189   1438916723051
0   756   1438916723052
0   176   1438916723068
0   710   1438916723068
0   166   1438916723085
0   671   1438916723085
0   156   1438916723101
0   625   1438916723102
0   145   1438916723118
0   585   1438916723120
0   131   1438916723151
0   530   1438916723151
0   121   1438916723275
0   494   1438916723276
0   111   1438916723357
0   451   1438916723357
0   121   1438916725002
0   504   1438916725003
1   79   1438916725022
1   18   1438916725023
0   133   1438916725023
0   560   1438916725024
0   152   1438916725038
0   642   1438916725039
1   149   1438916725055
1   33   1438916725056
0   177   1438916725057
0   753   1438916725057
1   199   1438916725081
1   46   1438916725081
0   207   1438916725082
0   878   1438916725083
1   247   1438916725093
1   57   1438916725093
0   238   1438916725094
0   1005   1438916725094
1   326   1438916725103
1   75   1438916725104
0   269   1438916725104
0   1130   1438916725105
1   385   1438916725120
1   91   1438916725120
0   300   1438916725121
0   1262   1438916725122
1   446   1438916725136
1   106   1438916725137
0   331   1438916725137
0   1386   1438916725138
1   528   1438916725152
1   123   1438916725153
0   361   1438916725153
0   1513   1438916725154
1   598   1438916725161
1   142   1438916725162
0   392   1438916725162
0   1635   1438916725163
1   684   1438916725177
1   162   1438916725177
0   422   1438916725178
0   1759   1438916725178
1   729   1438916725193
1   176   1438916725194
0   454   1438916725194
0   1893   1438916725195
1   918   1438916725209
1   217   1438916725209
0   488   1438916725210
0   2035   1438916725210
1   1023   1438916725226
1   243   1438916725226
0   526   1438916725226
0   2190   1438916725226
1   1129   1438916725242
1   270   1438916725242
0   564   1438916725242
0   2349   1438916725243
1   1240   1438916725258
1   296   1438916725258
0   605   1438916725259
0   2523   1438916725259
1   324   1438916725275
0   650   1438916725275
0   2706   1438916725275
1   1357   1438916725274
1   1479   1438916725291
1   354   1438916725291
0   695   1438916725291
0   2893   1438916725291
1   1614   1438916725307
1   386   1438916725307
0   743   1438916725307
0   3089   1438916725307
1   1760   1438916725323
1   421   1438916725323
0   793   1438916725323
0   3301   1438916725323
1   1911   1438916725339
1   458   1438916725339
0   848   1438916725339
0   3529   1438916725340
1   2075   1438916725356
1   497   1438916725356
0   905   1438916725356
0   3766   1438916725356
1   2254   1438916725372
1   539   1438916725372
0   964   1438916725372
0   4011   1438916725372
1   2440   1438916725389
1   584   1438916725389
0   993   1438916725389
0   4067   1438916725389
1   635   1438916725405
1   2650   1438916725405
1   685   1438916725421
1   2861   1438916725421
1   740   1438916725437
1   3083   1438916725441
1   798   1438916725449
1   3326   1438916725449
1   858   1438916725465
1   3576   1438916725465
1   921   1438916725483
1   3844   1438916725483
1   982   1438916725502
1   4058   1438916725502
1   999   1438916725515
1   4089   1438916725515
undefined   984   1438916974700
undefined   4026   1438916974711
undefined   973   1438916974749
undefined   3982   1438916974750
undefined   962   1438916974873
undefined   3933   1438916974874
undefined   950   1438916974924
undefined   3888   1438916974925
undefined   940   1438916974990
undefined   3849   1438916974991
undefined   929   1438916975420
undefined   3798   1438916975420
undefined   915   1438916975452
undefined   3738   1438916975453
undefined   905   1438916975469
undefined   3694   1438916975469
undefined   895   1438916975486
undefined   3651   1438916975486
undefined   884   1438916975502
undefined   3611   1438916975502
undefined   874   1438916975519
undefined   3565   1438916975520
undefined   862   1438916975535
undefined   3515   1438916975535
undefined   849   1438916975551
undefined   3463   1438916975551
undefined   837   1438916975567
undefined   3417   1438916975568
undefined   825   1438916975584
undefined   3360   1438916975584
undefined   813   1438916975601
undefined   3315   1438916975601
undefined   803   1438916975609
undefined   3278   1438916975609
undefined   791   1438916975657
undefined   3237   1438916975657
undefined   780   1438916976010
undefined   3190   1438916976010
undefined   762   1438916976058
undefined   3103   1438916976059
undefined   747   1438916976075
undefined   3044   1438916976075
undefined   733   1438916976091
undefined   2985   1438916976091
undefined   721   1438916976107
undefined   2942   1438916976108
undefined   709   1438916976123
undefined   2897   1438916976124
undefined   694   1438916976156
undefined   2833   1438916976156
undefined   681   1438916976189
undefined   2786   1438916976190
undefined   671   1438916976222
undefined   2739   1438916976222
undefined   659   1438916976270
undefined   2698   1438916976270
undefined   676   1438916977310
undefined   2780   1438916977311
undefined   691   1438916977327
undefined   2847   1438916977342
undefined   707   1438916977348
undefined   2912   1438916977350
undefined   728   1438916977361
undefined   3000   1438916977362
undefined   750   1438916977370
undefined   3097   1438916977370
undefined   776   1438916977386
undefined   3203   1438916977387
undefined   805   1438916977402
undefined   3328   1438916977403
undefined   839   1438916977418
undefined   3467   1438916977418
undefined   872   1438916977435
undefined   3602   1438916977435
undefined   901   1438916977451
undefined   3720   1438916977451
undefined   924   1438916977467
undefined   3804   1438916977467
undefined   942   1438916977483
undefined   3871   1438916977483
undefined   956   1438916977499
undefined   3926   1438916977499
undefined   970   1438916977532
undefined   3975   1438916977532
undefined   978   1438916979326
undefined   3985   1438916979326
undefined   959   1438916979342
undefined   3909   1438916979344
undefined   937   1438916979366
undefined   3808   1438916979367
undefined   910   1438916979376
undefined   3697   1438916979377
undefined   882   1438916979393
undefined   3597   1438916979394
undefined   862   1438916979401
undefined   3510   1438916979402
undefined   841   1438916979418
undefined   3423   1438916979419
undefined   820   1438916979435
undefined   3339   1438916979435
undefined   801   1438916979451
undefined   3259   1438916979452
undefined   780   1438916979468
undefined   3168   1438916979469
undefined   756   1438916979484
undefined   3072   1438916979485
undefined   735   1438916979500
undefined   2992   1438916979501
undefined   717   1438916979517
undefined   2914   1438916979517
undefined   698   1438916979533
undefined   2839   1438916979534
undefined   681   1438916979550
undefined   2771   1438916979550
undefined   667   1438916979566
undefined   2719   1438916979569
undefined   656   1438916979583
undefined   2676   1438916979584
undefined   642   1438916979615
undefined   2625   1438916979615
undefined   661   1438916979881
undefined   2720   1438916979882
undefined   679   1438916979898
undefined   2799   1438916979899
undefined   702   1438916979914
undefined   2899   1438916979914
undefined   727   1438916979930
undefined   3003   1438916979931
undefined   752   1438916979947
undefined   3106   1438916979948
undefined   780   1438916979963
undefined   3221   1438916979965
undefined   805   1438916979980
undefined   3317   1438916979980
undefined   828   1438916979995
undefined   3417   1438916979995
undefined   852   1438916980012
undefined   3515   1438916980012
undefined   876   1438916980028
undefined   3607   1438916980028
undefined   893   1438916980044
undefined   3678   1438916980044
undefined   911   1438916980060
undefined   3743   1438916980060
undefined   925   1438916980077
undefined   3800   1438916980077
undefined   935   1438916980093
undefined   3836   1438916980093
undefined   948   1438916980126
undefined   3888   1438916980126
undefined   938   1438916980336
undefined   3824   1438916980336
undefined   919   1438916980346
undefined   3743   1438916980348
undefined   900   1438916980362
undefined   3660   1438916980363
undefined   876   1438916980377
undefined   3558   1438916980377
undefined   848   1438916980393
undefined   3441   1438916980394
undefined   818   1438916980410
undefined   3318   1438916980410
undefined   784   1438916980426
undefined   3172   1438916980426
undefined   749   1438916980442
undefined   3030   1438916980442
undefined   720   1438916980458
undefined   2921   1438916980459
undefined   697   1438916980475
undefined   2835   1438916980475
undefined   681   1438916980491
undefined   2778   1438916980491
undefined   670   1438916980524
undefined   2742   1438916980524